111111111100011111000111
111111111100010010010100
111111111011100000000011
111111111011111010100111
111111111011000010000111
111111111010010100011100
111111111001111011110111
111111111001001100101100
111111111101001111111111
111111111101000000011100
111111111100011111001100
111111111011110100100111
111111111010111110110000
111111111010010000110100
111111111010110111111111
111111111010000111011000
111111111101001111111111
111111111100111000000011
111111111100011011010000
111111111011110000000000
111111111011100000100111
111111111010110101011111
111111111010100010101000
111111111010111000110111
111111111101110110110011
111111111101011000011011
111111111101110000001111
111111111101001000011100
111111111100100000100000
111111111100010011100111
111111111011001101110100
111111111011001101001011
111111111101110110110011
111111111101101111111011
111111111110110100011100
111111111100111001010000
111111111100010000001100
111111111011110110101000
111111111011010101111011
111111111010111101100111
111111111111000001000100
111111111110110110011100
111111111110110010101100
111111111110000100010011
111111111101101011111000
111111111101011001110011
111111111100100000011000
111111111100011110010100
111111111111000001000100
111111111110111011101011
111111111110100100010000
111111111101101010110111
111111111101100010011100
111111111101011000111000
111111111100111010001100
111111111100100101011011
111111111000111110000011
111111111111100110110000
111111111110111111010000
111111111111000111000011
111111111110001001110111
111111111101111000011100
111111111101011010111111
111111111101011000000000
